1000000000 1000000000 4668
244139 245310
999466739 999634838
72316694 72198536
31034034 30111790
230309131 238780282
484889878 476012173
587203154 580416398
81061036 83221340
665248692 665948127
155067182 154303020
44200371 42775268
215363995 219498119
563757777 553195355
804135622 808074682
241508730 249452232
600625087 594338027
323236683 326837671
59805199 61505596
56228950 57272954
623494731 625139544
855283923 858541923
148258292 148527609
158898099 162802888
703563491 712410364
71259870 71822483
587432100 580560252
673182191 671554130
960795678 963641770
879552650 878104279
228576089 235313672
358074234 353967365
995767983 992383275
93838099 99553662
953608490 957032053
445234402 432214185
358463941 356402343
116324982 119026270
245619921 250445319
60056111 61505595
199193637 203757635
632053110 633548641
86238047 89313536
79429700 82010565
252953147 257619103
234439010 243508680
369835506 368807604
987967921 985091620
149043263 149171836
200556358 204709117
256291304 259241719
14647823 9561651
982012936 981636805
397637765 390596300
678989677 678643025
211205167 214038831
607467951 606068871
216453499 221606032
109777031 115662364
120820203 126235717
344129673 342720115
888639588 882323598
706212086 715700607
953025086 955461096
746902847 755743267
693569411 696852061
760855138 766362079
396061731 389928276
702535400 710991933
86736726 89324942
332711226 334373798
801215417 805220341
56449220 58097599
140343348 139815436
33716253 34234036
646730216 644548089
69143534 69354361
527666486 521008254
148758392 148886730
729776729 733659699
60220718 61882756
160526796 164913000
568970869 563587768
674368669 674793349
644218113 644475177
305168032 310672886
516149577 503804124
747406427 755790064
614960845 617844763
735946237 743060908
831899987 834279188
480564784 473608466
573142306 567389286
357279 464996
172153913 176065568
919461194 915427721
453392926 443630328
818883701 820716676
213049670 216868980
21882859 20933777
922349503 921163058
164014916 166696496
23427549 21824594
957186876 962053071
311937413 316141351
704348471 713809277
8689756 5776824
125716822 129471555
431551078 422313889
662887254 664008456
764053601 767803260
842095012 847142155
20900258 20556281
632544154 636084748
945635079 948839426
685656313 686900901
691861077 694542628
164136807 167243059
99823958 107439938
941933407 945283689
918476361 915316578
220806918 231436684
363261155 362940863
736163133 744539730
802273905 807214220
525706115 519757542
567836982 562213310
916654882 912810309
869229399 869446501
364627274 364150642
835086059 836225023
824996828 825178184
339284037 336160265
592412189 587582562
614897409 614499583
340056497 337355129
990500379 987778822
19623537 20080354
263286144 262451740
956408250 960971272
641220819 641438536
382624618 375951925
225473897 233983938
61242632 64690980
554910441 544850451
801215416 805449983
628734913 629664208
21454857 20933778
44212752 43341583
558142896 548072005
47157100 45370886
675870561 676153341
587432101 580416397
158552402 161710390
586599602 579887808
37594212 36553629
599534196 594338028
779539093 782285880
740929273 749551038
317446969 317946755
521769009 512584709
851583950 853524990
942566410 946143603
564480138 554013955
214970523 219367701
184935151 188964288
230225143 237062146
181591721 185888162
259166325 261084346
16394564 11186159
922235133 921163059
913123036 909337514
90399029 96648627
543084227 533911212
100924172 108214747
922349502 921938125
160210608 164793517
332254888 334073179
348380863 343981215
503597708 494455171
216722626 221606031
23991602 24730286
58857414 59409611
738664580 748474896
544483334 535854031
354872445 349330110
515577376 503298458
333082955 335185429
925994944 925745488
146059216 145560504
925656982 924141387
32732075 34004436
465136609 458246662
518456984 507623881
720529845 726846788
139931944 139788871
897500606 891678176
713800754 719173077
457637663 449934518
142656351 142214394
10467392 7020919
960140465 963017471
117507068 120812278
805553123 809627504
200178294 204559932
554305798 544253094
946704178 950412947
890287673 884075934
480564783 474226818
611688676 611157323
644345578 644545154
801448204 805890272
741909556 750314698
324152518 329361404
999344346 999445501
860117719 863922110
927389341 927197466
730498424 736575175
246335911 251150971
161174043 165849386
399234858 391381620
732470598 737700596
816321674 817015287
182114581 186284270
603700829 599085527
168298397 174946648
453862007 445622223
652659157 650687096
154558518 153505367
50254282 49747800
251549987 257060332
78002152 79453011
486135979 478142978
819199751 822443019
127903441 131387340
768837536 774402940
28232360 27387415
561638496 552589450
635256609 638021721
586317419 578872921
921442706 920890731
332183379 334073180
900774430 898579467
899154651 896067553
181307095 185481200
837761965 838009560
126240476 129911885
323133826 324570722
391807154 384757477
764053600 768353471
831708333 833742400
618297144 620119698
806194268 809809709
777180253 779132623
606871029 605072043
486865277 479404406
290988441 296437159
757998215 764448886
599103002 594225339
518892183 507789431
626112638 626600659
215409497 221216547
832811259 835063120
436627452 426119583
107837395 113755029
545945403 536612695
183903758 188040394
294124308 300948009
708648463 718672450
855283924 857160041
379715068 373992316
593654910 588884319
74804599 74610459
538038676 529786179
80029211 82726289
860852269 863932927
784988299 787248804
205849467 209424269
340624593 338350125
518278225 505525365
569448474 563587767
880444219 878250547
480120461 472853431
240237013 246558560
23290812 21636144
543409377 535582945
570335563 564832656
840554713 840351229
281631713 279719295
786566137 791724070
697583690 702948728
103724085 111111602
697594940 703356039
785815161 790403708
164136806 167685252
84101304 85209682
716387722 722426868
938322697 939568658
357280 245310
33532136 34134177
388491841 381501675
904430397 903289205
668283835 668671643
851103493 853175534
900556541 897614762
298532835 304080312
379715069 373902044
39907813 39415962
388491842 379663974
433017391 424577241
278931305 274519282
253918821 258503720
732269106 737428408
490213996 483279441
990149102 987136246
673652941 673223805
71160702 71681357
751125254 760926866
544895185 536612696
222324837 231801381
8864176 5855483
999014421 998460525
877420722 875784434
589309146 584123861
516842187 504239555
9644827 6430131
127235047 131152814
979052421 978284211
234439011 243226925
213049669 216919937
910728626 907274636
17701588 13819778
620459643 623410235
585836695 578419744
640249443 640438956
823640580 824975818
529745855 524043907
670990817 670457828
511591599 499525207
689999236 693054537
797936207 804355987
612049321 611157322
378464121 373864736
655537045 654685394
16962003 12567117
142735444 142214393
763056329 767670721
197931313 201161857
868303821 868123507
638329996 640353395
116977760 119433042
472833295 467634171
665596575 666657130
474637660 469853758
149687069 149176039
179514505 182363857
164268085 168645678
194039285 195096003
324943603 330789843
251549988 256947429
702007290 709714701
496254856 489538243
252935653 257619104
938157320 938952390
761768856 766865545
984830220 984433276
173895550 177614484
472833294 467731834
743653555 752911803
468693727 461744034
600905400 595337797
719727333 724796865
895073650 888684013
543764056 535652138
23204429 21519422
75828913 74637578
438038651 429453846
89673732 91705458
310429426 313315769
733211944 738972976
898708610 895637104
737547494 745649833
270206403 265341029
562358340 552630685
904215389 903289206
618038491 620112668
194268878 195619726
637979583 638814775
233281449 241474201
531589376 527555507
911252880 907436910
680175313 680890927
44212751 43551676
287004592 290072598
54907116 55315397
245619922 250123488
457961589 449934517
99695283 107430651
95282371 102198660
507126611 497836139
76099060 76377438
858169617 861736954
109777032 115494582
605629497 602497856
139321895 139375730
3004031 3219095
367035262 365636625
984830221 984218375
596330307 591707784
522524888 516671365
846039582 849554383
486291717 479404407
483640450 475842849
380792245 374821730
234408319 243226926
164061723 167243060
551310109 540185400
839820149 839983848
683546394 684575197
967668085 967507339
158893008 161989690
141467324 141000753
277683314 273476144
996888839 993730094
216887580 221706769
615768581 618298783
810797968 811306717
638329997 639471930
400566757 392689561
106088194 111204094
264847944 264215847
779123227 780702643
960120439 962655312
218112788 224879981
709781969 718883468
38195586 36637432
862492020 863932926
236970078 245664565
620459642 623485486
9479221 6028241
594070238 588884318
447821050 435342288
150520833 149669321
249652925 254677433
167457404 173051612
347474982 342950270
209930309 213243790
301920160 308114375
743901672 753444267
893510815 887707755
627140224 626705499
213955860 217848898
682601133 684294293
297486190 303695262
703691687 712957810
603548274 598839763
177633399 180713676
715928077 722426869
303604863 308592908
871445300 871046799
533246431 528417365
184158434 188702695
505934243 496500306
226386666 234863192
894209234 888519150
668283836 668460241
200249285 204661336
17215525 13400288
680820952 682068612
779768468 782684474
271686825 267682886
703974229 712957809
373104372 371067782
503719848 494455170
60294174 63008026
580451527 574581831
590421880 585546561
75905043 75296854
574422272 569426489
476951381 470903849
166581932 172536880
806395622 809809708
201152547 206956189
909595863 905964999
718189215 724151325
116342783 119433043
117109523 120174457
468781025 461987733
74380708 73318481
495135685 488547084
78828274 80998042
936950374 934767088
927389340 927251890
481826918 474988617
943564639 948762518
753107141 762283638
161826456 166393304
885647305 879743638
814422745 814503696
436870389 426391553
943790715 948823975
89267841 90430797
457192882 447064149
106110312 112259949
416068290 403827397
11875900 7820465
210044892 213243789
897385583 890979995
554305799 544243567
353373038 347671907
284610485 283805185
84541617 86223939
696518868 702774324
297354400 303407526
238520809 246212658
319326598 321016857
467031800 459357596
515434146 502223278
144859656 144943464
841491769 842276765
733279027 738972975
230157293 237004964
636861777 638141776
800743521 804571948
263812546 263141205
5170909 4867207
85247090 86565031
370485600 369567221
416068291 403395574
149043264 149064693
977229238 975482219
801530919 806079654
724118793 730248615
178470623 181923063
907985113 904814654
699600551 705963117
416603563 403827396
925682278 925002338
357733463 352603018
302091107 308421005
960795679 963337924
472702055 467634172
748486080 755952696
462753089 454180147
475784409 470676412
211524226 214403398
193887659 195070536
464599812 456358087
511860645 499634623
684801513 685838741
919542891 915744109
187602910 192583408
583874198 575892458
917982401 914203882
832811258 835106649
462243910 453279474
892003692 884662093
767249783 772713362
254645112 258504227
576472188 572457953
476951380 471242617
457193726 449817478
663451660 664607039
289090896 295095968
510520673 499090533
449559883 438775628
296037501 301639438
721021466 727297920
59186645 60930532
919648301 916597966
871445301 870973847
3004032 2115355
231481833 239772103
175005271 179545713
178139156 181267412
812264497 812995225
154067475 153481389
951438745 954311986
118023615 122546707
432556186 424577242
751357206 760949853
907269049 904530256
323178352 324570721
727145403 731522083
722190672 729271550
691712026 694542629
548282125 537634248
226393774 234863191
453615081 444756648
19136874 14766607
214186646 219367702
408925321 396845191
707155993 717364283
846160934 849732048
742252132 751964587
918181926 915305700
197931312 202383667
311512648 316069129
814864019 815346987
133451975 134333009
404775587 395091530
64065106 66352351
772293307 775614669
195291249 196840813
896486787 890360527
682601132 684449337
296657984 302085663
419537930 413966530
530598889 525613435
777549314 779132622
729692273 733393323
740038100 749523083
856299884 860308886
397637766 390551591
490775338 484611981
918476362 915305699
369297327 368497390
415714472 402780772
743250720 752911804
238140547 246212659
437903584 429372061
915360640 911447883
185504349 191031668
729663773 733393324
194619759 196676468
700679934 706282996
47825272 46692197
890830696 884317368
890287674 883957132
67697268 69125478
282173959 283149548
224956061 233753968
467031799 459765062
632322257 633986075
459133000 452095767
575375655 570676573
503721625 494959175
732470599 737575716
140343349 139788870
354084641 348504957
42411999 42109106
124519863 128739095
979275191 981039385
252953146 257813460
899153187 896067554
675870560 677007077
175800159 179552290
889540244 882323597
228697278 236374451
820316528 822604713
750420792 759881623
343861918 340901296
773364365 775673962
484943996 476708850
167189496 173036295
899697618 896884303
289209626 296071608
457637664 449817477
505693809 496289730
720317347 726846789
773364364 775831472
348335941 343981216
496254855 489596224
625522354 626395239
63903041 66280223
717544258 722837226
716387721 722486514
981588999 981054638
400645267 393142992
921493671 920958270
815462393 815755466
43509766 42775269
278353813 274519283
500547898 494211935
641824077 642964255
320936590 323472375
29595749 28351299
136643053 137757953
534760449 528876532
14474259 9149289
310491738 314549278
841122022 842270835
478159596 472450493
995331808 992332738
538742699 531008149
637109041 638465719
579500371 574060164
469328672 462510460
728193102 732772032
653745459 653169066
725217241 730886126
2868059 1224038
445546296 432931610
158379671 161605830
463792921 455764751
696454325 701967462
742643891 752642499
872911602 871046798
674635624 675153969
830355831 833166170
53319557 53079810
821381888 823733268
23930709 23330858
413509877 398991460
881413860 878599053
53400742 54137634
840554712 841775754
745846411 755359072
19175457 14766606
421452793 415326447
51666354 52069094
249652924 255110343
31574777 32446959
618297143 621345620
681055473 682068611
644218112 644545155
80185186 83221341
499688546 492806276
696454326 701300326
373816125 372189254
560725062 551860600
14003613 8246895
689002124 690820484
915438456 911597391
83796070 83514711
858169616 861739417
734506597 740306499
129462856 132689316
74269599 73318482
8029091 5505080
538446905 529821647
152775697 152206091
922235134 920958269
44200370 43341584
972412874 972965716
147778295 147037806
545945402 536631893
65719434 68670925
795560018 803453880
320380792 322514424
120820202 126447361
84541616 86565032
164061724 167000154
357945371 353967366
883199484 879568287
964428756 965936793
620399369 623410236
11313100 7820466
402090294 393404942
5021109 4354762
218684164 226829105
548472019 537993857
758067481 765267559
23182648 21519423
636234215 638141777
384967110 377040565
69814685 70084707
697989245 703356038
181591722 185826373
506128043 496979190
373757244 372143012
571541846 565806501
547734152 536990800
744251216 754113199
137462966 138387243
890627860 884315786
801860533 806079653
551259073 540185401
519509097 508620224
825409122 826786316
23703436 22704572
66812202 68677904
679386258 680765508
164224858 167807672
201076532 205981502
633880007 636935282
384936287 376145182
65621118 68639264
530598890 525047087
529917960 524043906
74380707 73786029
124222108 128231018
30812612 29605046
109712705 115352388
463081045 454336686
141163408 140946070
996518478 992523868
646863430 644849079
653745458 654066897
644345577 644548090
246410021 252495645
811719440 812995226
94158146 100822038
925656981 925002339
324152517 330789844
937332097 936478829
325584116 331180759
673903602 673941308
884008548 879729484
14267481 8591123
435339810 424723169
301509858 308114376
211156811 213750612
924301594 922916404
311064077 315787306
125374583 128910613
573362916 569008429
593447769 587610810
108310601 113966859
355050997 349849270
906040351 903862118
553265505 542933142
346267731 342792227
794190271 799521308
949210346 951523036
942608697 947815588
727913086 731534321
245797785 251150972
419652109 413966529
303604862 309132938
614436442 614080807
182653721 186394100
38382367 36940626
582214706 575289318
157981491 158788716
69814686 69781881
733046166 738783689
16231561 10190783
25692279 25233773
27716351 26111057
526548269 519807029
565348497 554916847
462753088 454336687
421889730 415337290
404775586 395099569
983224877 982437672
977985955 977065239
107749641 113643489
806194269 809627503
690995155 693355562
995105481 991890215
818883700 822377855
79017494 82010566
240961365 247512740
874961771 874300494
590714873 586824313
973871942 974293000
39580259 38877068
457192881 449017352
928801459 928676280
701309196 709714702
175800160 179545712
603884766 601751343
777549313 779420578
149687068 149602163
484234899 476012174
898856391 895939968
515434145 503271278
977229237 976081826
285964596 289772123
567867905 563142958
823264802 824765620
722992693 729303225
146788771 146710734
39580258 38955970
323455901 328615740
291137167 297643414
211524225 215182883
80029212 82399197
614248966 614080808
447821051 434031550
39123051 38216382
294881113 300948008
197176288 197551695
810833889 811633950
431115662 421858709
892182982 884743717
201139953 205992525
474454223 469853759
204838398 209378627
679851475 680837372
42029881 41129901
181339767 185481199
907596963 904571873
413054817 398163875
147344065 146710733
417283460 405910580
420849756 414310546
935676407 933066112
296727907 302435645
165785554 170880447
725217240 730923758
936952833 935972402
608865956 608213573
458647630 450246570
755052630 763469390
1894237 1165843
83839584 85113815
527666485 521170668
989223692 987136247
741111769 750076375
291258088 298145943
431551077 423547806
609628139 608673627
947946000 951113447
553192952 542183538
9885256 6622107
758253595 765767782
60294175 61942095
626992926 626600658
646730215 644818911
562358341 552589449
147344064 147037807
748761580 756833738
503597709 494364106
876883730 875784435
229727831 236374450
248642500 253707797
310342171 312719707
459086633 450886337
218252747 226679600
826263642 828446421
789694403 793713300
86020264 89299758
216199563 221429413
682357258 684285108
357130546 352079777
281646214 279719294
552741292 542033795
502094918 494211934
962239805 963723273
921193047 919218856
219309236 227062225
287177457 290486869
470735924 465251391
597260843 592563730
394764943 388200443
608475550 606256412
531589377 527160214
947147903 950864547
930203906 929778618
736163134 744021222
802159207 806384841
108816665 114203981
158356124 160074239
814716871 815185994
802273906 806502376
764941659 768353470
996518477 993263954
417739650 408895621
148258293 147759892
606168110 603476294
505693810 496156908
626112639 626566748
508484212 498258522
599103003 593901906
541201298 532198372
877502263 876018127
398396329 391378827
351462697 347417272
566124989 557526036
912921298 907937872
305802309 311509069
870248980 870115907
878841534 877185966
830355830 833333644
934953043 931447118
826087361 826800712
579726731 574485616
75905044 74670681
673393251 671700501
156248693 156411217
215409496 221297722
415064543 401193382
417507189 408499448
507126612 496979189
634809834 637423856
448128527 436066024
998336601 996574233
657113275 656427906
964428755 966053068
866345247 865404998
284908987 286674822
275757218 270949924
430580424 421434033
584982811 577499614
9479220 6324211
452183004 442383264
212887978 216102747
361373799 358380736
424126066 415820297
290827631 296392770
385309945 377425525
884008549 879600533
428729333 419957328
155339344 154303019
482871287 475213647
287381060 293154491
827086091 829717426
897500605 892362989
846685583 850769825
940723441 943230252
500466226 492985694
446732811 433656505
64306599 67004038
53400743 53224243
978995821 978284212
435339811 424719869
459133001 452091946
971692981 970101692
681900375 682842726
823264803 824461040
698596236 705788995
473467969 467731833
637391747 638814776
743250721 752811089
300867790 308075933
697989244 703640499
735889329 743060909
956008402 960352306
584690857 576747062
368933517 368441182
769102815 775226378
999466740 999445500
258515220 260143013
618804097 621400413
256291305 259237340
615211670 618298784
204838397 209424270
146059215 146105528
160746273 165459606
580451528 574485615
24109292 24730285
417973533 411728270
217675733 223212315
181125349 183925951
178470624 181267411
172217930 177357851
244718310 249760008
100987105 109068430
13760496 7993023
451533189 440377222
857017873 860725968
553536408 543110417
936241060 933423977
997027523 995918572
84512262 86223940
30808647 29580089
761390161 766362078
275877222 271000167
414560827 400615095
715928078 722143809
251016191 256171861
996888838 995757473
780356811 784655936
789234987 792812810
775145220 776541086
593654911 587968962
55624729 55582476
16319274 10538439
58869060 59579908
652781754 653169067
620959064 624641906
186470983 192170748
218252748 226521945
853711554 855450077
448530983 436066023
859304370 861739416
294881112 301153015
733399096 739660719
782788521 784910261
426207028 417865237
51139632 51758585
662014813 662818842
118949192 124987876
795505285 802681886
348467247 344941376
70358139 70661824
519336090 507789430
913815841 909454100
840140605 840351230
603884767 601294592
314598844 316989202
544895186 535854030
700428418 706098446
86232046 89300389
803295672 808072773
810047111 811041228
197456191 200933220
775576099 777578714
715620246 722062254
201620077 207521191
947038774 950864548
231481832 240477267
927049103 926403347
872911601 871741322
472481483 466745855
963535185 965936794
158194573 159853964
170399766 175335603
714689566 721675415
583294877 575656315
815535816 816487120
450448756 440126068
685656314 686028352
23845252 23330859
505163273 495778289
27335876 26111058
85247089 87116109
907406793 904571874
1849033 858500
18961989 14710422
971696319 971186114
370933822 369871791
168210277 174388248
718189216 724124971
525743298 519761559
699600552 705788994
765962633 770857052
513844025 501738674
237456061 245664564
89732617 92370610
502342283 494347905
23701268 22458286
485896951 477610484
60548584 63496955
546208601 536804939
416632129 405701018
459086632 452091947
936266882 933453124
625522353 626566749
285497623 288679207
566952258 558676589
72632777 72372052
126573318 129954346
899153188 895939967
85572840 87461290
316928320 317616636
947038775 950423097
953025087 955349169
432521230 423646826
330907884 333625047
823640581 824765619
433017390 424632007
46924926 45074996
508289956 497836138
224424199 233453582
148275339 148886731
358074233 354049121
212847900 215827298
691712027 694424011
51666355 51758584
551310108 540306669
39123050 38793399
492858223 484814278
151449302 151057862
883132750 879125051
286229271 289772122
348335942 343423692
346267730 342950271
448102585 435342287
194609149 196676469
310491739 313315768
126573317 129997601
127516882 131387341
18609433 14225842
473856985 468926190
62017104 65133560
232843928 240548663
880444220 878120827
408221068 396213484
800886015 804990026
318791640 318494967
129813558 132831036
411557768 397789579
855256529 855935991
380832021 374821729
60173865 61882757
950572439 952948213
134888952 135152133
128693861 132540531
160105857 163417947
579726732 574234972
811719441 811941425
26414088 25233772
962325043 964586365
995063484 989901526
440011102 429897398
837761964 838014105
245797786 250974018
689339276 690820483
821692834 824428800
136418321 137426056
393377619 385116847
69240510 69699427
415064544 400974620
727975461 731857800
572632774 566135676
169303462 175081596
885647306 879729483
921442707 919557919
538986256 531008148
878112893 876114744
814716872 814691195
522524887 516685068
424115048 415820298
496154387 489538244
335881120 335459377
495024057 488155703
599534197 594225338
726249242 730923757
424115049 415673969
783953454 786301723
333082956 335119998
583426469 575656314
815232017 815755467
530360249 524260637
157900529 157869598
617161233 618721483
592412190 587468330
477714482 472015817
117932554 122175664
704348470 714103602
419805292 414303565
773548320 776419368
695798536 700066618
294011234 300262236
296918561 302732347
628734914 629180853
709760709 718883469
90101964 92998579
489732076 481259995
334147652 335394462
566493177 558676590
859313707 863572611
814731165 815185993
839432758 839465906
526548268 519843208
703623928 712410363
382169894 375777196
171851458 175927529
489005905 480684742
186468087 191981406
803295673 808038972
933901461 931202883
997806812 995988929
784940215 787248805
295064025 301153014
453275730 442991427
741305029 750314699
297486191 303407525
717787976 724124972
802337979 807951053
61178627 64106399
555648802 546019911
950049451 952298078
366590409 365207825
391807155 384155662
754290979 763468462
834648697 835550380
136498710 137426055
608865955 608673628
551473767 540306668
305558887 310833731
263870812 263152768
152028204 151578582
434526866 424719870
342103453 340449562
57366266 59119340
673771361 673623983
888639589 882276263
604946471 601751342
340624594 337355128
322975294 324129195
648898778 647446929
567251391 562151869
84101303 85395726
541201297 532736311
990149101 987778823
332711225 335119999
281852153 280052098
838995115 839465907
623763661 625516344
415767622 402780771
883335391 879568286
824996827 825464397
777680506 780046127
376748944 373405233
201139952 206357504
774706756 776491536
23801327 22889763
212914199 216868981
405185307 395099568
33532137 34006320
19410990 19536635
846771947 852361391
977985956 976081825
736534537 744539729
477451773 471242616
940723440 943761531
278353814 273836852
709083278 718744499
696127946 701300327
982012935 981985562
755175630 763630645
680175312 681908166
902760649 901234744
91628952 96894906
35964868 34644585
279601619 275449120
805459670 809276683
722103728 728793749
929123451 929778619
969468589 967986698
78828275 80751271
141130860 140946071
450220581 438822354
793733376 799066266
420913630 414520718
220456953 230528204
295064024 301170061
183589872 187207338
749556098 758936248
438211733 429453845
406661068 395863818
131522841 133960876
941468514 943879606
950802405 952948212
106546542 112426202
652722102 650687095
709083279 718742134
597006811 592087786
942579934 947308308
612135144 611771041
553265506 542811974
879552651 877812587
855256528 857160042
879901671 878120828
373104373 371052497
542356413 533862802
135367799 135583625
121645104 126587685
222324836 232473099
692262694 695100922
640249442 640506155
464361554 456063039
135978833 136802950
556559523 546175052
946023517 950283124
494030666 486826064
90305526 96648628
569801988 564034880
802178753 806384840
341771873 340449563
250140906 255135762
851103492 853524991
362153424 360705337
523957350 518374975
417973534 411410877
370588852 369870037
161120453 165721731
905027256 903862119
340683889 338734083
936266881 933625207
84043093 85209683
826392439 828446420
846039581 849641920
673652940 673623984
827119210 830980980
131928585 134159605
218048848 224879982
464200320 455764750
88769983 89768902
317993303 318494968
729779192 734534931
67860761 69125477
802429007 807951052
64799808 67058931
362226654 360705336
357574369 352079776
927450121 927251889
367488738 366260689
71160703 71402192
761390160 766828186
46924925 45350681
932878917 931110854
529186227 523818768
643061744 643177231
665998764 667280471
561529335 551860599
900774431 898570682
177633400 180048745
598543128 593290790
732584770 738279767
913737324 909337513
341038062 339954710
363261154 363368652
54586827 55315398
967703125 967507338
136643052 137958997
792516997 798116681
522764558 517103941
47825271 46739702
58869061 59409610
490694044 484594860
465761929 458263672
936820200 934422296
614955393 616083861
143662428 143364037
515469021 503271277
556559522 546218889
174797934 177901557
23182649 21095963
9885257 6430130
907042289 904217769
181244277 184614468
633865650 636623681
712570178 719173078
115896645 118941185
679287826 680765509
102129099 111004294
95356530 102739068
57899257 59210828
16020448 9892322
156713637 156799165
485002662 477610485
683133224 684542697
468313921 460710660
816321673 817702082
763056328 767784479
151463569 151578583
876883731 874300493
826087360 827300437
499688547 491905644
682357259 683640726
274149326 269830958
248313932 253531829
230818868 238780281
503721626 494712150
510520672 499315755
831168169 833333643
393915238 387910332
686914490 688771174
61178626 64688999
190912184 193369356
430017464 420536098
889933206 882430139
384967111 376879669
701126829 707493367
708592831 718672451
733046167 738279766
424640112 415984732
106546541 112896775
612834766 612594278
730551394 737285391
61160155 63496954
956408251 960352305
269249544 264711603
281631714 279516760
74094877 72990088
802323279 807368310
595632237 590132563
146758147 146522751
941695882 945283690
742252133 751263745
461388670 453279475
973871943 973528022
512134149 500349850
453720125 444756647
696518869 701967461
37425772 35717919
476055255 470903850
972644456 973312986
14254347 8591124
4384115 3585819
130340742 132831035
527358711 520428858
89931930 92370609
564059520 553195354
207225011 211581590
116342784 119387843
727145402 731534322
804428433 808074681
680820953 681908165
953890231 957857044
871149201 870519026
167489075 173674468
181339766 185826374
225555212 234604698
403085170 394709940
191223301 193427791
193119296 194854789
513678287 501164024
415704312 402537364
171465731 175597634
83839585 83514710
962623013 965465523
131928584 134248953
999466739 999634839
862818148 864464937
347474981 343423693
463186963 455203885
218638573 226679599
203761207 209378628
400566756 393142993
962643767 965465522
169303461 175335604
432556187 423646825
292993581 299784877
584764548 577450246
109094296 114728909
904982565 903602733
77361298 78520458
734573852 740412137
915613948 911698034
477451772 471540755
167457403 173088424
62106915 65198384
656946857 656427907
457193727 449017351
629017693 629664207
249135898 254677434
689949364 692173501
978343506 977871648
832415144 834279187
31034035 29857514
937026846 935972401
421889729 415475188
59326897 61490780
701126828 708600485
207697920 211819487
565348496 555458496
913016265 909135176
936223982 933066111
635256608 638124842
896580729 890465236
998413125 997944111
219597871 228447057
707155992 717951993
324943602 331180760
595398335 589788550
411557769 397705633
741909555 751263746
50691140 50560193
692190845 694863838
119088062 125654999
735147338 740632788
670990818 670426601
428729334 419719048
554910442 544253093
753794803 763468463
841805641 845667069
1849032 1025865
891553356 884317367
551991231 540908036
938049381 938479202
287177458 290205855
386288438 378280881
895095631 890360528
571002914 565661742
214970522 219498120
947945999 951203205
917221643 912810308
269249543 265341030
399077101 391378826
143220481 143227675
998282150 996574234
483546958 475713980
216199564 221297721
122024713 126910046
275757219 270922837
928758963 928116802
737312516 745019247
878112892 877185967
969638691 968357026
580880425 574865825
587963518 581391893
874697011 872841917
56228949 57390133
399748026 391964341
943564640 948736807
957186877 960971271
868948673 868837187
118801134 123512436
999082914 998543505
180743514 183846114
729461659 733135215
164674523 168645677
39336298 38877069
89931929 92998580
38176104 36553628
899697617 897193980
937332096 938479203
553536409 542933141
648448993 645008201
785639905 789207245
17215526 13256299
128356874 131682618
584690858 575892457
883199485 879355938
141163407 141000754
834643511 835550381
192887360 194402463
419537931 413386707
109763702 115494583
167846287 174052524
703974228 713044026
197176287 198243504
144859655 145411867
790343028 795843843
984098263 982437671
166776844 172536879
777674660 779420577
601239115 595660763
734573851 740632789
723465076 729926586
154730994 154264102
734506596 740412138
612255864 612433229
489732077 480831291
4857473 3674074
651557985 648238700
807234699 810720411
729909119 734534930
527358712 520269919
175960767 180048746
529186228 523133654
285186500 288679208
894551245 888519149
99948708 107774921
493289075 485617915
855972149 858926248
16460590 11186158
998282151 995988928
149386231 149171835
948545597 951358449
217925118 223231974
27093163 25644774
710545754 718940076
127983665 131455204
443538936 431115484
2962373 1290048
233281450 241231256
298210040 303695261
664188668 665316788
728193103 732240656
32481697 33436015
980798110 981054639
623494730 625516345
302091106 308592909
360958288 358365955
123843705 127818629
820183195 822604714
206557769 210356028
147778294 147759893
728566048 732772031
389609688 382416270
293837413 300099237
428272287 418789878
652722101 651705615
907985114 904603761
70358138 71035654
549701362 538831732
109712704 115463929
164268086 168094846
107749640 113755030
447691935 433656504
2962372 2115356
88769982 90430798
111609336 116101475
339733462 336219942
53149689 52277928
762885338 767102249
431115661 421987212
828186541 831908283
620399370 623356358
396061732 389524783
4857472 3989054
972256959 972403759
967453839 966867168
479094318 472450492
111609335 116970070
727913085 731857801
76149177 76377437
894209235 888116272
857184320 861664192
268323168 264711604
647117519 644944655
116324981 119387844
609628138 608766525
948315759 951358450
53149688 53079811
80185187 82726288
49767284 48504641
10527197 7020918
166561329 171753732
17123250 13256300
559949721 550808885
262577792 261664670
60173866 61764103
468693726 461987734
755175629 763856363
933987609 931447119
710545755 718900435
557489091 548072006
986603114 985091621
468595665 461226177
594737747 589305733
677296910 677326540
590421881 585297902
16647044 11630828
366541655 364313195
417739649 410469289
69507446 69781882
672165548 671522197
571541847 565661741
611688677 608766524
110813494 116101476
700643846 706282997
523169525 517180904
697583689 703082897
850949037 853175535
71073190 71402193
358365493 355076157
693838683 698085818
786333664 791166343
775178930 776719131
426748120 418632850
529232779 523953965
91662330 96894905
617161232 619160698
465667593 458246661
478081123 472200391
473969928 468926189
160701772 164912999
962623014 965139718
509740996 498905060
194039284 195350346
50501440 50560194
914935330 910743059
118546504 123512437
749085880 758936249
393377618 385311066
291603712 298746060
477714483 471840754
112827748 117025510
311937412 316224500
415767621 403395575
595877009 591040297
779123226 782276464
246410020 252927528
655886594 656117763
665248691 666657131
821381889 823629347
201389360 207521192
273573206 269192775
641220820 641075948
898856392 895677098
974557657 975482220
329383480 333060071
791978120 796694489
583433451 575705779
253830962 258503721
662887255 663597267
654366290 654275289
841539665 842276764
55096959 55448463
784940216 787142017
142137194 142027908
231005936 239687509
824132648 824975817
658399093 658596309
497050270 491858648
752614356 762124728
197205182 198243503
31574778 30666436
655926365 656259920
48967203 47370440
804135623 808072772
494030665 486887881
301920159 308421006
514573996 501769281
774537872 776419367
748761579 756939113
122648999 127310027
595250567 589788551
206793953 210969607
464599813 456063038
850810761 852879265
194619758 196840814
818013530 820013807
466707082 458608845
400263412 392689562
692700104 696279733
553640717 543331059
281893806 282839008
499657551 491875095
603548273 598909216
937026845 936478830
42412000 41129900
897854443 892362988
614960846 616083860
235670238 244072962
552890329 542087582
93924954 99553661
207697919 211856562
783362942 785028866
731860280 737285390
109094297 114693567
992696185 989191250
118546505 123153316
140374289 139901723
527656718 520465118
161120452 165849387
595632236 590993316
695100846 700066619
923914876 922886003
548472020 537634247
342103452 340536927
590235454 584123860
643935598 644182055
293837414 299987340
397916445 391250114
165222101 169664616
546208602 536631892
465761928 458608846
331468495 333625046
64205660 67004039
455559941 446000650
181125348 184545334
118023616 122388123
471476194 466745856
171851459 175597633
324128842 329361405
95146236 101681786
314598845 316452713
276430071 271533583
652122363 649889828
748875296 756939112
654951250 654685395
668934270 668671642
46769972 44310092
103425560 111111603
587963519 580560251
938049380 938952391
781496073 784869291
183903757 188413759
939138570 941624996
516842188 503804123
117598116 122086637
666023263 667605189
165222102 169369354
318791639 318846107
220673419 231436685
904126165 903158512
160746272 165721732
220085179 228447056
647117520 644856118
925751518 925624517
757021997 763856362
668934269 668971176
141467323 141078752
470735925 464211533
472481482 466843983
295438209 301170060
702007289 710634464
641824076 643177232
838666987 838310651
761745837 766865546
890151583 883957133
920721812 919218857
55624728 56439821
955218951 958173920
939449399 942585502
79429699 82399198
127102540 129997600
526457832 519807030
463624716 455203884
683617351 684575196
618288688 620112667
841775443 845253412
874697010 874265748
130340741 132950807
356242801 351254520
922647732 921938124
264744376 263853137
264847945 263935476
314742490 317063535
765177194 770137642
537391054 529092299
942579935 946793919
783362943 784963693
49767283 48896653
892350654 884743716
732584771 737700595
14254348 8564165
632934063 636084747
210161666 213358073
59182858 59579907
845597691 849554384
792516998 796694488
152426107 151718678
706103066 715486790
135367800 135469239
785875647 791012063
299775419 304489169
258515221 260093927
4075542 3585820
476055256 470676411
517858353 504700992
927171921 926861413
185285988 190448546
788084961 792315573
209930310 212997977
23321567 21636143
295872385 301304949
157900530 157820978
674635623 675587711
841539664 843556554
827119211 830291435
256083246 258891937
43509767 42756578
559961905 551320546
296727908 302085662
232843927 240872615
62427331 65463487
89537629 90701722
646971916 644849078
241185669 247512739
319135709 319829350
210161665 213750613
526690927 520269920
602353077 597859468
99823959 107430650
943790716 948762517
64306598 67058932
633865649 636935283
913737323 909447946
921193046 919557920
96578721 103204242
199892527 203757634
238140548 246091791
892182983 884662092
189643065 193117763
205849466 209929941
13760495 8246896
675155328 675587710
440312756 430042330
251964762 257421040
852152196 854192602
737547495 745586128
1000571 507296
869229400 869164543
508484211 498495349
523921992 518374976
7286809 5467302
236813823 244300851
42803135 42109105
849852077 852667749
355050996 351111670
369942772 369567222
740952176 750076376
179926060 183212193
100934986 109068431
172153912 176482265
194609150 195619725
152426106 152206092
203761208 209142206
8689755 5796293
109266805 114728908
706212087 715486789
750420791 760247558
55096958 55582477
827420840 831591546
25193565 24998751
997806813 995918571
368760363 367879162
361373800 358365954
935676408 932761337
904430396 903296391
564689529 554013954
900710886 898570683
96578722 102773078
280013356 276762550
738288226 745775118
98784779 105147288
724118794 729926585
350789465 347179125
227862652 235144938
151449301 151427864
927171920 927197467
397229473 389928275
521769010 511674196
897854442 895328106
8864177 5796292
540632287 531088763
16020447 10190784
64065105 66979672
962121394 963641769
583426468 575705780
877420721 876018128
766700452 772578673
810797969 811174486
886939640 880579731
30260517 28966145
430943966 421756729
339733461 336901236
655537044 655909680
692700105 695421847
951438744 955349170
607467950 606256413
231568253 240477266
846771948 850769824
78002153 78520457
792550377 798531548
257252152 260093928
419040308 413386708
585661371 578082432
789258838 793121013
289389411 296071607
426748121 418391067
264171259 263152767
979052420 979293706
838287117 838159157
95146235 102198661
281852152 280215661
674400895 675153970
78964913 80998041
604946470 601975745
493656514 486826065
354084640 348528441
419936195 414303564
482871286 475713981
67860760 69318273
600672801 595337798
19136875 14710421
657567883 656755110
517744518 504370085
57536788 59210829
175005272 178558064
702185746 710634463
777680505 780338264
95411370 102739067
17123251 13255313
835129194 838009561
23290813 21553054
155585012 155801252
919687297 916857971
516149578 503715030
578478640 574060165
874961772 874265747
920027729 918738355
54907115 55448464
929123452 928802226
253068062 257813459
412002693 397831853
230157292 237062147
630678837 632570080
899154650 896191118
98445217 105147289
643061743 643711081
881413861 878250546
719967522 725886383
364627275 363878999
19410991 18186647
99304837 106958072
413694647 400291582
207225010 211819488
258978273 260308681
496477545 490907144
16295897 10538440
258978272 260669404
766700453 771564188
930902901 930278076
834643512 835458977
850810760 852933145
486291718 478912475
924301595 922886002
418468943 412910226
628251190 628073069
967703124 967657960
98445218 104603423
414787730 400933265
100036465 108214748
693838684 696852060
542356414 532736310
143111838 142405176
776732543 779056197
866345248 865075698
136498709 137757954
469826382 463061446
735462474 741488758
117659791 122175665
295438208 301244282
76850887 77280945
738804031 748977183
286448691 290072599
444085262 431115483
511793980 499525206
588962664 582921168
247833582 253503286
681055472 682146414
936223981 933423978
606389117 603476293
933901462 931110853
107048112 112927694
14661280 9561650
804516535 808926896
825409123 826033815
289389410 296392771
638489020 640353394
170399765 175484224
544483335 535751394
76237404 76380108
166581933 171753731
357130547 351254519
572370729 565806500
145899994 145411866
682465340 684294294
719580033 724597637
942566409 946793920
816049131 816789172
942901447 947815587
831168168 833727441
724706091 730886127
97424264 103407344
276430070 272453909
620134056 623356359
481925626 475213648
8359356 5776825
960140464 963337925
414560826 400933266
314887683 317063534
689949365 691737636
274441469 269830957
109413237 115352389
678639260 677984738
16460589 11630829
485896950 478142979
157881388 157820979
838954808 839401546
244139 245309
137661792 139038375
801411005 805873968
543084226 535192498
951420986 953048358
234604566 243741879
237478749 245869698
223049573 232498037
828554050 832710703
270870875 266608817
606168111 602497855
923914877 922718309
228576088 235363258
382624619 375777195
850949038 852933144
627140225 626630698
547734153 536930387
859313708 862198230
574434975 570441745
496154388 488982587
779539092 782684475
505296121 495836756
939563697 942699773
59182857 60930533
940782085 943879607
286229270 290047311
30812611 29857515
781496072 784910262
74269600 72990087
23991603 23811324
395477504 388935200
657633202 657195803
120813468 126235718
382169895 374986684
70170084 70661825
473998607 469236177
184661145 188796750
8359357 5505079
369297328 368441181
86736727 89313877
226393773 234917630
619075227 621584864
845322720 847782004
913123037 909135175
256361641 259241718
899382559 896191117
676416664 677326541
883032714 879125052
363040008 362501308
790005189 793713299
14003612 8548800
801530920 805974860
583294878 575363400
904037918 901234743
939449398 942699774
802323280 807214219
438211732 429897399
281848223 279749922
636234216 638124841
418221429 412350887
885783485 879743637
112827747 117444377
23701267 22704573
64205661 66979671
496295515 489596223
234604567 243508679
448102584 435840396
62557840 65463486
814731164 815346988
618804096 621584865
746039328 755743268
930774652 930274926
656312890 656259919
673903601 674113764
606389116 604830111
57366267 58872344
385309946 377040564
728822591 733135216
165631782 169664615
638489019 640438957
133938241 134447682
33908929 34429664
287213886 290486868
5170910 4354761
870074960 870115908
894551244 888622142
841900427 845667068
343861917 342720116
758364416 765767781
455559942 445622222
601905428 596390747
440986254 431073559
158584289 161989691
896580728 890979996
700643847 706098445
440011101 430042331
196367972 197168014
158893007 162802889
991647396 989191251
906040350 904217770
533092202 527555506
886648578 880461298
847516804 852589258
783941589 785028865
19266356 17788536
76149176 76380109
453720124 445040954
999214866 998543504
695798535 701242774
891638918 884647300
47795027 45370885
53319556 53224244
529232780 523818767
72406443 72198535
928801458 928802227
983067984 982058556
137661793 138387242
673771360 673941309
521612123 511674197
225971824 234845337
455873698 446789457
650530364 647446928
421584710 415337291
930203905 930274927
95356531 102527165
102129100 110894641
879901672 878104278
57085837 58362502
21454858 20735565
369725868 368497389
709781968 718900436
534760448 529092300
37319726 35369769
646863431 644818910
181244276 184868262
866457428 866569169
898382010 895637105
569801987 564706047
314419951 316452714
879366778 877812588
280254989 277845248
352890777 347466668
154611978 153505366
206557768 210918463
496634134 490907143
62106916 65133559
465070738 457239464
4384114 3674075
436376035 426119584
892359905 887166643
131806538 133960875
854358604 855649873
775284684 777578715
552397384 541660076
802178752 806502377
855972148 860111088
99948709 107439937
246858167 253331105
695100847 699121039
657633201 657470719
363171689 362940864
453615082 444319750
462547005 454180148
733399097 739097577
667714670 668460242
818403293 820075695
983224878 982058555
591396969 587468331
522958477 517103940
278256439 273476143
796002080 804355988
139931945 139390946
744426910 754864024
244200459 249452231
551647392 540697902
559648171 549854534
777180254 779056196
294011235 300099236
759083350 766233597
522958476 517127730
707073645 715700606
815821712 816789173
485002663 477003193
468179462 460423632
307990115 311965246
717787977 723628302
475784410 470310985
867936512 866609531
369725867 368807605
613957050 612594277
203704537 209142207
138501630 139038374
577393395 573401124
131522842 133523211
89732618 91890559
650863552 648238701
16231560 10477227
762885337 767670722
141130861 140337811
209927564 212997978
794494702 799835462
560725063 551320545
154611977 153824538
301509859 308075932
161826457 166122955
636861776 638147750
219487759 227209560
585661370 578419745
219597872 227248211
444085261 431896637
489005906 480469009
860852270 863922109
570333673 564832657
735946236 744021223
157881389 157718323
78964912 81537262
128693862 131953687
947850278 951113448
185110466 188964287
833099450 835106648
394764944 388035964
380761983 373992315
220456954 228866097
272232248 269192776
682465341 684285107
670351081 668971175
995767984 992332737
703094588 711924921
313778770 316365161
457009202 446789456
35964867 34979669
521274627 509205701
71073191 71394870
538446904 530131766
213960466 217848897
46769971 44535139
41048847 40934969
774706755 776541087
945153061 948823974
785875648 790403707
992696184 989325689
15091837 9892323
117598117 120812277
817610848 819027719
151037605 150281532
661104927 658596308
49889900 48896652
8029092 5467301
288240142 293334859
566166333 557526035
655926366 656117762
921493672 920890730
168726114 175081597
172018602 176065569
813845152 813343394
166147305 170880446
304891318 310672887
267328476 264307054
543291363 535192497
520300841 509205702
32159940 33115913
641699972 641438535
367035263 365207824
564177750 553826171
666023262 668398139
994843975 989901527
332183380 333653929
11875899 7856206
553640718 543110416
158584290 161710389
183589871 188040395
569448473 564034881
479094317 472853432
251216142 256171860
767249782 774402941
813845151 814300049
262411410 261664671
953503125 956654991
689976466 693054538
505506969 496156909
784831286 787142018
838954809 838310650
187063605 192583409
6878898 5313581
619075226 622535522
181307096 184868261
827086090 830291436
941468513 944748225
946563110 950283123
448934074 438775629
513227223 500529598
55897473 56689247
692043154 694641961
305802308 311633616
471089927 465251390
810047112 810836889
168194859 174207639
919461193 915584422
891638919 884500182
441947653 431073558
38557855 38216383
297354401 303022713
857734123 861688229
292232285 299101688
193119297 194495985
795816849 803749570
566124990 556750632
10527196 7274978
948545596 951523037
277664352 272453908
573831039 569008428
240314382 246558559
841805642 845253411
457009201 447064150
65719433 68677905
90101963 94217393
219487758 227248212
576472187 572644209
949210345 952104251
116161917 119026271
322975293 324558537
374288373 372569908
652659158 650017954
42857798 42286209
430859434 421756730
331468494 333653930
89537628 91705459
945153060 948839427
729909118 734843891
478159597 472200390
606853136 604830110
323178351 325217600
821190121 823076642
115432906 118597839
101853379 110821636
408925322 396465755
451946468 441764717
453371303 442991426
996823033 993263953
190912183 193427792
292367978 299101687
845597692 848192595
832415143 834812372
941695883 944748224
31046732 30111789
253918820 258504228
459944634 452446082
969638692 967986697
298210039 304080313
28299100 27652870
495452934 488547083
467359390 460228878
123843706 127498603
426933941 418789879
715792070 722062253
244138 245310
940782086 943761530
448128528 435840395
831708334 833727440
351462698 347333588
118801133 124987877
513589494 501164025
655886595 655909679
284610484 284878263
777864209 780338263
38557856 37859564
801860532 806100921
602504285 598320088
115540493 118832658
918168495 915251443
57536789 59119339
467359391 459765061
178545684 182363858
631132657 633419606
473969927 469236178
389047987 381501674
729461658 733178149
51139633 51164641
430017465 420255576
698454993 705160151
505506970 495836755
743653554 753444268
612135075 611771042
565646895 556262398
513589495 500784204
621099803 624641905
807234700 810308236
348964301 346371887
52011395 52277929
552397383 542033796
588804508 582450498
543764055 535751395
783941588 785175983
232225053 240548664
528066562 521170667
974557658 974795852
555680219 546175053
547129918 536804938
218638572 226757182
217925117 224344518
181235264 184614469
135089078 135152132
771810164 775586081
775178929 777416436
349059232 347179126
386118974 378149853
683546395 684542696
608814749 607561682
681900374 683640727
608491559 606684042
689976467 692173500
19564332 19536634
810191944 811041227
995063483 991423205
296794334 302651637
769620234 775321564
61744970 64690979
606871028 606068872
801448205 805873967
209927565 212688180
632322258 633768189
419652108 414198083
9388794 6028242
218112787 226254654
23962233 23589350
603603386 599085528
405185306 395182921
870248979 870519027
414787729 400974621
849852076 852879266
716846195 722486513
693569412 696279732
851583949 854192603
192887359 194495986
915160790 911238821
567836981 562941311
905027257 903602732
700875958 707493368
425017988 416560459
947147902 951028003
245731435 250974019
155339343 154955812
314419952 316365160
28232359 27652871
684331197 685610704
115432907 118090042
564177751 553270501
196613856 197551696
742643890 752811090
66812201 68866681
69240511 69354360
788961421 792551245
785815162 790239176
178545685 181923062
241508731 248187413
184661146 188702694
970865025 968961145
144534703 144371562
505163274 495600494
159520748 163273185
174620954 177901558
893759222 888116273
167440086 173051613
617957641 619912589
320380793 321821839
620959065 623485485
84456535 85395725
36167045 34979668
188047036 192905507
146758148 146105527
201389361 206956188
390141541 383615953
325910671 332442056
211642196 215182882
63022709 66190001
141918893 141218007
900262086 897614763
817610849 818746352
788241079 792370005
360806865 356568569
678845758 678566825
335864519 335394461
553940586 544023653
140374290 139815435
294124309 300262235
256199409 259237341
386481446 378909382
492858222 485217256
202231220 207997897
788241078 792519363
480712893 474528776
406661067 395924043
874397542 871741321
868948672 869164544
300460446 305890550
30260516 29580090
592422421 587610811
615768580 618721484
167607950 173674467
397638150 390596299
324128843 328615739
197456190 201161858
472702056 466843982
692190844 695100923
573235143 567452995
296037500 301825544
350789464 347333589
278931304 274896963
597006810 592563731
213960465 218467867
320450796 322833347
390141542 382416269
866062185 864903548
229727830 237004965
415714473 402537363
19175456 17688447
962325044 964129191
528066561 522720723
489764216 481493995
337892691 335807405
188047035 192961427
612834767 612433228
796002081 803749569
85537607 87116108
526690928 519843207
14026906 8564166
362586391 362029718
601276428 596390748
380792246 374471191
325910672 332365741
927450120 927497786
489764217 481259994
670421108 669083992
156348431 156719167
134289193 135079843
91750883 97725675
683617350 684797374
193887658 195096004
309144975 312719708
504784356 494959174
747164 464995
285186501 286961242
924584850 924141388
174797933 178558065
935064614 931781625
375606185 372881031
591396970 586824312
291137168 297408150
567251392 561376026
953890232 957032052
759871702 766233596
69507447 69699426
686328545 687733007
533092201 528417366
847339912 852589259
936241059 933453125
650863553 647818241
524986427 518554851
529745856 523953964
511793979 499634624
986603115 984433275
925994943 926059255
188055391 192961426
50341815 49747799
684331198 684797373
296999430 303022714
431313602 421987211
930774651 930278077
696127947 701242773
134030965 134447681
95282370 102527166
832759919 835063121
99255661 105213473
582214705 575363401
567015748 560591887
953608491 956654990
879366779 877226071
473856986 468776962
567015747 561376027
97024551 103204241
282933098 283149547
288471807 293724048
286448692 290047310
141918894 141078751
216453500 221576019
337892690 335821181
413054816 398991461
816692183 818746353
267328477 264215846
448934075 438231035
978343507 977065238
143472131 143364038
998336600 997474716
703623927 712936848
143721866 143784069
325584115 332365742
155067183 154264101
946023518 949131957
232225054 240495716
101976451 110821635
559625719 549811921
135089077 135469240
828360293 831908282
399077100 391381621
49351924 47370439
703094589 711030608
25268670 25103068
206625199 210918462
623291746 625079639
334147653 335185428
14661279 9764640
689999235 693355563
822060235 824428799
199892526 204559933
181235265 184545333
139321896 139125937
330907885 333486997
224424200 233285940
36167044 35006366
955215974 958173921
425017987 417865238
957756819 962197234
300428564 305890551
273573205 269556190
984539058 984218376
218048849 224344517
681241509 682842727
886939639 881551778
641169499 640506154
548780075 537993856
310718966 314549277
870074961 869607505
261726091 261084345
77361299 78381708
833099449 835458978
6486529 5157678
920027728 918891805
588962663 583059917
627424199 627753189
570335562 564916713
617957642 619160697
729779193 733801163
272053996 267811993
363171690 362868953
261726090 261441137
815640717 816743342
340056498 337147531
744251215 754126543
465667592 458263673
307990116 311633615
17701589 13400287
885783484 880461299
348467248 344598293
314742491 316989201
828360292 832710704
614549007 614241172
853711553 855515562
950802404 953048359
919542892 915584421
530360248 524462961
386481447 378434265
584764549 576747061
450220580 439071784
446732812 432931609
250923324 255264893
854666149 855649872
201620076 207622786
919638893 915744108
834648696 835643769
855441562 858926249
15091838 9764639
824132647 825090366
61744969 65010410
149386230 149176040
193216578 194854788
95411369 102773079
735462473 742597424
715517807 721675414
130830175 133396564
786566136 792315574
125936506 129911886
314887682 317328407
113577452 117444376
595250568 589305732
942089727 945319266
90399028 96687264
505934244 496289729
810833890 811306716
774537871 776491537
586599601 579945220
908433391 905934251
717544257 723628303
172217931 176482264
55815567 56439820
271686826 267533803
856299885 860111087
443538937 431086070
363676654 363879000
763457034 767803261
902670707 898727188
481662258 474976550
28299099 28351300
357945372 353927271
100987104 109798019
703395982 712224257
790277390 793815769
191223300 193441766
938157319 939568659
915966537 912229640
247354616 253364897
33716254 34164706
134030964 134585857
18255731 13932322
428821898 419957327
552741291 542087583
150279848 149602162
478081124 472089706
567675939 562213311
463792922 455317947
218847993 227062226
648315886 645008202
816049130 817015288
304891319 309132937
900556540 897937716
463624715 455317948
859304369 862198231
175960768 179552289
500547899 492985693
327061613 332783481
656946858 656333094
889540243 882430140
514573995 501838601
919648300 916857972
289090895 295688864
942608698 947308307
895095632 888684012
823116013 824461041
840140606 840089081
7286810 5381453
39907812 40005056
738288225 747199953
21882858 21028036
518278224 507010017
241185668 248187414
426207027 418391068
237456060 245869699
471089926 465718706
345336730 342759861
438038652 429372060
632934062 636623682
847339913 852361390
251016192 255264892
664188667 665948128
772874661 775673963
996270111 992485698
310342170 313210645
14267480 9149290
247354615 253503287
94828411 101313949
237478748 246091792
287596644 293334860
134888953 135079842
990550707 988998190
379258982 373902045
822060234 824446188
358365492 356402344
996087052 992485699
913016266 908579970
197362150 199939145
818013529 820066573
5424491 5157679
435761034 425077584
184158435 188413758
158194574 158788715
97355036 103407345
412002692 398163876
158356125 159853963
928758962 928676281
974079474 974795853
201152548 206357503
422762780 415475187
901106243 898727189
749556097 759881624
58857415 59217161
795816850 803453879
431313601 422313890
790005188 793738289
27335877 25844745
19564331 19831338
867054175 866569168
919322807 915427722
614549006 614499584
990500378 988320125
100036466 107774920
463186964 454587831
16295898 10477226
353373037 348504958
489822464 482402600
559851539 550532765
991267559 988998189
702185745 710991934
588551075 581391892
785639904 790239177
108816664 114693568
168194858 174388249
483640449 476000745
468595664 461744035
164674522 169369355
964700359 966258501
907042288 904340248
118949191 125125173
6486528 5313582
612255865 612171596
678989678 678566824
573831038 569426490
588804507 582921169
538742700 530131765
275427812 270682165
502342282 494364107
287596645 293154490
786086299 791012062
158898098 163273186
44720244 43551675
598543127 593901907
190631852 193369357
284908986 286961243
612049320 611583696
945635078 949131958
296999431 302732346
742438693 752642500
197286229 198989407
32159939 33436016
263870813 263141204
93924953 100499102
254645111 258891938
130850827 133523212
280338544 279094086
111846717 116970069
419040309 412910225
247007603 253331104
925682277 925624518
363040007 362868954
201076531 205992526
402719114 394392179
646971915 644856119
701309197 708600484
723465077 729303224
496634133 491794786
912294007 907436909
391509328 383615952
455873699 446000649
428821897 420255577
50691139 50965585
681241510 682146413
818685880 820075694
737836585 745775119
820316527 823076643
215363994 221216548
593447768 587968963
814864018 815562681
715792069 722143810
463081044 454587832
612135143 612171597
918168496 914533785
772874662 775614668
335864518 335459378
386118975 377425524
31046731 30666437
677511813 677363706
493656515 485617914
225971825 234604697
628050724 627760782
377888740 373615706
1894238 1025864
673182190 671700502
70633617 71394871
950572440 952298077
43231294 42756579
240314381 246640483
991267558 989187728
436376036 425077583
916654883 912240111
672560871 671554131
42803134 42286210
594070237 589171156
397638149 390613296
529917959 524260638
806395621 810308237
206625198 210969608
480712894 474226817
462243909 453723770
211205166 214403399
953503126 956258363
99255660 105435068
953348344 955461095
65506397 68639265
523169526 517127729
841775444 843556553
374288374 372392169
128356873 131953688
72316695 71822482
683133225 684449336
153455436 152595480
200556357 205721706
262577791 261737893
477634023 471540754
810988571 811633949
538986255 531088764
117507069 120630522
502094917 494347906
828186542 831591545
126240475 129954347
826263643 827300436
392165053 384992495
846160935 849641919
86232045 89313537
125936507 129863654
194268879 195350345
235143829 244072963
480120460 473587048
678639261 677899877
555645166 545842044
565376996 555458495
526457833 519761558
753207448 762893331
33597690 34164707
270206402 265596366
357733462 353927272
631132658 633389701
384936286 376879670
790277389 795843844
601276429 596163751
776575000 778286851
32481696 33586287
603603387 598909215
85691706 87461289
559961906 550808884
514902935 501838600
752614357 760949852
245731436 250445318
979143269 980415345
65010443 67244262
917221642 914203883
558142895 549811922
23321566 21824595
670421107 670426602
296794335 302435644
157020977 156870919
352890776 347671908
568681555 563214909
357574368 352603019
586317418 579887809
78382051 79456822
278256438 273836853
518456985 507372510
654951251 654275288
67697269 68866680
999214865 999159991
430943965 421858710
853682868 855450078
902760650 898739433
514269965 501738673
339284036 336219943
935064613 932761338
78776893 80751272
956008403 960288447
116977759 120174458
842095013 846094078
749085881 757640254
804428432 808926897
527656717 521008255
923352221 922718310
253830963 258122047
337727310 335514839
814422746 814300048
251216141 256947430
20168363 20080353
910728627 906860862
293504616 299784876
264525820 263853138
557489092 547769666
573362917 567452994
588639459 582450499
327061614 332587040
543046351 533911213
461388671 452446081
575375654 572105303
106847711 112896774
595877010 590993315
165631781 169808323
310718965 315787307
437725295 428771426
124222107 128739096
980798111 981039384
191874273 194402464
719967523 725465701
129813559 132689315
997027524 995757472
54586828 54137633
734494603 739660718
874594270 872841918
601239114 596163752
972412873 973312987
271112512 267533804
606853135 605072044
244140 245310
857600544 861664191
63903040 66352352
779161343 782285881
514902934 502223279
145899993 145560505
340953718 339954711
829555008 833166171
164224857 168094847
707073644 717364284
74713931 73786028
395957517 389524784
469328671 462953460
143220482 142801861
714689567 721235001
329942681 333486998
97024550 103246466
224659705 233570969
61160154 64106400
900710887 897937715
253637855 258122048
361853188 359116275
156348432 156411216
919819856 918738356
185285987 190571606
450464304 440377223
841122023 841775753
168726115 174946647
285582935 289313888
289209627 295688863
989223693 986806484
20168362 20556282
264744375 263935477
927936317 927497785
890151584 883425745
71259871 71681356
154328571 153481388
637979582 639471931
996823032 993730095
622002751 624806231
1000570 544215
517744519 504239554
198874779 202383666
115540494 118597838
926853453 926059254
939563696 943230253
249135899 254488783
554990156 545699617
596485147 591792769
524986426 519028748
553945200 544023652
274149327 269556189
26414087 25644775
477634022 471840755
163589684 166696497
39861275 39415963
734494602 740306500
857061383 860725967
413935623 400615096
437436959 428771427
508701832 498495348
524977471 518509082
29789236 28698856
764941658 770137643
185425259 190973750
581241571 575289319
927936316 927738059
99291173 105435067
117659792 122086636
740929272 749620683
866062184 865075699
117109522 120630523
888430696 881551777
402090293 394392180
16647043 12138342
222933182 232498038
765962634 770620411
967668086 966867167
18609434 13932321
116161918 118941184
522067765 514447899
441947652 431086071
78382050 80146691
748486079 756833739
483546957 475842850
256361640 259486780
34279644 34429663
348991511 346371886
557113233 546676640
121645105 126447360
580880426 574581830
933987610 931202882
857184321 861652073
832759920 834812371
511591600 499315754
1043582 777826
94031858 100822039
16394565 11116852
988926522 986806485
50835047 50965584
165785555 169808322
603208304 598839764
531581796 527160215
33908930 34234035
250923325 255135761
720317348 725886382
497193042 491858647
158365331 161197051
371404159 370369689
795560019 802681885
76850886 78381709
214186647 218467866
788794821 792551246
786333663 791724071
253068061 258017608
256199410 259165049
170828221 175484223
109266804 114809764
729776728 733801164
60220717 61942096
46907490 45074997
919322808 915316577
356242802 351111669
733211945 738783688
419805293 414198082
160210609 164511971
480178548 473608467
363676655 363537440
107048111 113454905
233162938 240872614
9644828 6324210
815535817 816208164
127983664 131682619
399748027 391558562
912294006 907937873
90305527 96329506
445546297 432769131
553192951 542811975
155751458 155801251
459944635 452095766
551259074 539640826
716846194 722837227
83796071 83400676
995105482 991423204
453371302 443386349
844587621 847385091
59186644 61276433
648315887 644991030
393942880 387910331
248787094 254488784
551991230 541660077
300300196 305620101
458647629 450886338
120813469 125654998
392165054 384757476
83284915 83278453
377888739 373864737
23930708 23589351
865268877 864903549
295872384 301594750
657567882 657195804
144410100 144233739
914851343 910743060
600672802 595169875
206793952 211581591
143721865 144233740
117932553 122388124
293504615 299987341
75828912 74670682
398049454 391265483
88701598 89324941
212825314 215652858
713891990 721235002
379258983 373883029
354872444 349849271
497050271 491794785
958131522 962655313
739583007 749523084
566493178 557898650
345336729 342792228
896486786 890465237
621099802 624806232
395477503 389315826
205956564 209929940
59805200 61490779
281570090 279094085
619871666 622535521
2599152 1224039
696819446 702774323
708648462 718742135
164014915 167000155
400263413 392583042
815640718 816487119
738664581 747812431
970865024 969709288
320936589 324129196
648448992 645584139
469734403 463047354
1020700 544214
365382458 364313196
37425771 35940084
972644455 973528023
812736981 813245577
188055390 193070730
983067985 981985561
629453999 629914134
18255732 13819777
496477546 489922655
904126166 902629950
489176159 480831292
417507190 405910579
792550378 798116680
296657985 301825543
788084960 792370006
936950375 934422295
292232286 298746059
741111768 750304915
821692835 824361105
631416677 633548642
33597691 34134176
143662427 143784070
720816463 727297921
675155327 676153342
393601187 385311065
835086060 835643768
938322696 939955050
258954166 260143012
389047986 381883562
844587622 847142154
825783652 826800713
775145219 776719132
440312755 430685664
915360639 911597392
585624514 577499613
37594213 35940083
122049361 127310028
156428374 156799166
594737748 589171155
43231295 42303993
627424200 626705498
280254988 278625451
523495544 518252948
447691934 434031551
91750882 98981191
788961420 792812811
430859435 421434032
436870388 426719059
29789235 28966146
212847899 216102748
488957486 480270625
316934014 317946756
85537606 87199067
913815842 909447945
213752221 217403630
86238046 89313878
802337980 807368309
224659706 233453581
826392438 829717427
637109042 638147749
320632938 322833346
744426911 754126542
708592832 717951992
676416665 677007076
339917311 336901235
729663774 733178148
492262488 484814279
253637856 258017607
522764559 516685067
603700828 601294593
23801326 23112906
600905399 595660764
107650564 113643490
35769312 34644586
650530363 647818242
19623538 19831337
761745838 766828185
784988298 787305647
581241572 574865824
272232249 269009887
151320445 151051922
981588998 981636806
290827630 296437160
23962232 23811325
60056110 61764104
216722625 221706770
738804032 748474895
522067764 516671366
824752777 825178185
623763660 626395240
557472801 547769667
899382558 896884304
661346971 662818843
108310602 113880651
125719236 129471554
615211671 617844762
319846875 321016856
89499870 90701723
113577451 118090043
225555213 233983937
688260457 688771173
626992925 626630699
337727309 335807406
437436960 426719058
450448757 439071783
757998214 764751742
622002750 625079640
715517806 721884377
31685624 33115914
548780074 538831733
272169280 267811992
62557839 66190002
613957049 612611344
825783653 826786315
436627451 426391554
995331809 991890214
125716823 129075535
769620233 775586082
284752048 284878262
292993582 299349658
747163 507297
662997338 664008455
561529334 552029506
890830697 884315785
869892698 869446500
312944526 316353171
588551074 581955330
157981492 157869597
914851344 910379431
143111837 142801862
555645167 545699616
445346834 432769132
728822592 732939987
523957349 518509083
448777367 438231036
673393250 673223806
124519862 128910614
216887579 222247790
694319847 699121040
186468088 191031667
470380975 463061445
474454224 469578878
748875295 757640255
754290978 763469391
395271676 388935201
291603713 298145942
936820201 933625206
674368670 674113763
867054174 866609532
19303043 17788535
445234403 431896636
208597342 212688181
434526867 424632006
319846874 321821840
878841533 877226072
730551395 736575174
963535186 965758888
178139157 180713675
158552403 161605829
508289955 498258523
358463940 356568570
70633618 71035653
988926523 986262825
74094878 72734300
375606186 372569907
847516803 852667750
264171258 263169407
619871665 622805302
449559882 438822355
151463570 151427863
489176160 480684741
394978042 388888212
399880732 391964340
185504350 190973749
36706884 35006365
782788520 784963694
686444971 688235895
473467968 468776963
259166326 260669403
417690671 408499447
295977987 301639439
205956563 210356029
883032715 878903083
109413238 114809763
577393396 572644208
50254283 49313818
63022708 66280224
969468590 967657959
629562172 630118074
56716019 58191363
791978121 796368246
618288687 620119699
84456534 86055178
572370728 565892778
279114231 274896962
738361458 747812432
212914200 216444761
274441468 270565118
231005935 239772104
338095868 336160266
704064799 713289654
897385582 891678177
527458800 520465119
398049455 391250113
939138569 942585503
791338254 796368247
139556826 139390947
264525821 263169406
16679061 12138341
573142307 566135675
166561330 171280889
23845253 23112905
300300197 304489168
197205181 198989408
181788096 186284271
551473766 540697903
964700360 966053067
244200458 249539588
400645266 393404943
684399641 685610703
88701597 89768903
852484806 854810840
651557984 649889829
292852997 299349659
505296122 495778288
154558519 153487249
468781024 462510461
247833581 253531830
789694404 793341467
819199752 822377854
311512647 316141352
196367971 197304306
509740995 499090534
27093162 25844746
224956062 233570968
735147337 741488759
305558886 311509070
85572841 87199066
930902900 931052849
152028203 151718679
825140075 825464396
300428565 305620100
786086298 791166344
220806917 231801382
233765975 241942746
348991510 346781631
816640887 818150035
777864208 780457034
220673420 230528203
86020263 89300390
765837442 770461160
865268878 864464936
543291362 535582946
496295514 489922656
845322721 847423408
911252881 907274635
40146400 40005055
91628953 96687263
70170085 70084706
521274626 509882794
601905427 596900014
512134148 500529599
951420985 954311987
49889899 49313819
5424492 4867206
370933823 369870036
551647391 540908037
766261955 770857051
348964302 344941375
103724084 111204095
801491391 805890271
76099061 75296853
831899988 833742399
628700351 628073068
35769313 34587463
784831287 786301722
133451976 134248952
164183345 167685251
199193638 203651645
421584711 415326446
862818149 864071134
181788097 185888161
745846412 754864023
788306107 792519362
499657550 491905645
275962653 271000166
800743520 804990027
620134057 622805301
118457611 123153317
888430695 882276264
999344347 999159990
564480139 553826170
292367977 299188211
688260456 690533660
629017692 629717053
42857797 42303994
31685625 32446958
824752778 825090365
81061035 83278454
634279806 637099704
360806864 357443532
579614585 574234973
24109291 24789460
59326898 61276432
137462967 137958996
64799807 67244263
517858354 504370084
898382011 895328105
223049572 232676135
172758090 177530999
990550708 988320124
411900606 397789578
637391748 638465718
78160592 79453010
700875959 706525592
790106328 793738288
892851695 887166642
287381061 292653110
403085169 395091531
919687296 918421974
285582936 288724351
567867906 562941310
818685879 820716677
698050980 704803172
246335910 252495646
802429006 808038973
394978043 388200442
758067482 764751741
841900426 846094079
672165549 670457827
231568252 240495717
665998763 667605190
779768467 784655937
862492019 864071135
16962002 13255314
462547006 453723769
728566047 732939988
883335390 879600534
835129195 836225022
488957485 480469010
504784355 495600495
629562173 629914133
361969434 359966970
69143535 69318272
652733788 651705614
268323169 264307053
915613947 912229641
468419108 460710659
402719113 394709941
630050552 632570081
373544475 371067781
691861076 694641962
161174042 166122956
484943995 477003194
971780916 972403760
140985899 140337812
94031859 100499101
151320444 151057863
804533820 809132931
565646894 556750633
821542497 824361106
759871701 766344164
974079475 974292999
515577375 503715031
464361555 455773866
724706092 730248614
807572455 810836890
167607949 174052525
596330306 591792770
213752220 217660158
263812547 262451739
358191338 355076158
167489076 173088423
530397988 524462960
309144976 311965245
984098262 983422709
703691688 712936847
451533188 441108317
828605171 832804093
354150617 349330111
641699971 642964256
795505286 800405240
477987591 472015816
614897408 615449141
124020808 128231019
531581797 525613434
484889877 476708851
658399094 657470718
358191339 354049120
528676137 523133655
279601618 276762551
567001442 559672517
555648803 545842043
518423542 507010016
166147304 171280890
212887977 216444762
971696320 970101691
768837535 775226379
918181927 915251442
211156810 214038832
386199299 378280882
285964597 289313887
702535399 711030609
525743299 519757541
719797787 724796864
393024428 384992494
698454994 704803171
914391889 909454099
513227222 500784205
362577048 361857866
172018603 175927528
662014812 663597268
97355037 103246465
871149200 870973848
196613857 197304305
817634356 819027718
233536809 241474200
679386257 680837373
290988440 297408151
156248694 156088418
248642499 254097938
755052629 763630646
554990157 544850450
111846716 117025511
541156208 532000792
130499232 132950806
508701831 498905061
417690670 408895622
568681556 563142957
344129672 342759862
477987590 472089707
785636198 789207246
583433450 575873082
200178293 204661337
285497622 288724352
869892697 869607506
794123732 799066265
233931081 242914305
223542411 232843785
941933406 945319267
362226653 361857867
103425561 111004293
904215390 903158511
56449219 58191364
99304838 106288324
398396330 391265482
589309147 583059916
926853452 926403348
614248967 612611343
489822465 481493994
39861276 38955969
292852998 299188210
533246430 528876533
827420841 830980979
154730995 153824537
630050553 630118073
56716018 58362503
960120438 963017472
523495545 517180903
14474258 9368786
362586390 362501309
514269964 501769282
852152195 854810841
409112277 396845190
244440065 249760009
480178549 473587047
222933183 232473098
94158145 101313950
721021465 727519979
351959396 347466669
773548321 775831471
481925627 474988616
369942773 369396923
351959397 347417271
821542498 823733267
883132749 879355939
378464120 373883030
519336089 508407424
366541654 365067587
154328570 153487250
144410099 144371563
55815566 56689248
970734064 968357025
474896018 470310986
155526745 154955811
922647731 922422882
927049102 926861414
684801512 686028353
99695284 106958071
891553355 884500183
49351923 48504642
16679060 12567118
386199300 378149852
133938242 134333008
798493030 804571949
74804600 73876462
151037604 151051923
574434974 570676574
719580034 724151324
719797786 725465702
25268671 24998750
652781755 652714625
971780917 971186113
275962652 271533584
618038492 619912588
705747440 714185055
47157101 45350680
171465732 175595876
428272286 419719049
513844026 501217939
155585013 155749405
552890328 542183539
467778229 460228877
139556827 139375729
999082915 998460524
131806537 134159606
471476195 465718705
224216157 232843784
224216156 233285941
566166332 557898651
20900257 20735566
567001441 560591888
882009614 878599052
692401722 695421848
537391053 529786180
612135076 611583695
854666148 855935992
90264118 96329507
430580425 420536097
568970870 563214908
323133827 324558536
553945199 544243568
300867791 306879312
739583008 748977182
197362149 200933221
751357207 760926865
148758391 149064694
160526797 164793516
312944527 316224499
663451659 665316789
991647397 989187727
437725294 428811807
602504286 597859467
804516534 809132932
654366291 654066896
614436441 614241173
704064800 713044025
492262489 484611980
393915239 385378790
230225142 238275488
109763703 115463928
805553124 809276682
370485599 369862299
484234900 476000744
62427332 65198383
325949198 332442055
142656352 142027907
413509876 400216548
360958289 357443531
595886715 591707785
596485146 592087787
89267840 90600420
585624513 578082433
275427811 270922838
422762779 415673970
979143270 979293705
942901446 948736808
158365332 160074238
874397541 872049034
946563109 950412948
417743962 411410878
886648577 880579732
160105856 164511972
419936194 414310547
490775339 484594859
466707081 459357597
732269105 737575717
553940587 543331058
564689528 554916848
150754277 149669320
3258314 3281205
776575001 777884145
251964763 257060331
662997337 664607040
72632776 72664827
225473898 233753967
901106244 898579466
78776894 80146690
393024427 385116848
738361459 747199952
146788772 146522750
924584851 922916403
107650565 113454904
740038099 749551039
23204428 21553055
23427548 22458287
962511823 964586364
700679933 706525593
697594941 703082896
127102539 130205618
367819511 367879163
511860644 500349851
10467393 6622106
262411411 261441136
467778228 460423633
919819857 918421973
256083245 259165050
426933942 418632849
288471806 295095969
710827053 718941120
518892184 507623880
971692982 969709287
797936206 804384971
233536808 241942747
846685584 849732047
9388795 5855482
393942879 388035965
490694045 483279440
411900605 397831854
200762454 205721705
648898779 645584138
220085178 228866098
202231221 207622785
373544474 372143013
406383589 395182920
814465593 814503695
721135739 728107602
630678836 633389702
90264119 94217392
38176103 36637433
677296909 677363707
481826919 474976549
513678286 501217940
767048318 772578672
765177193 770461161
62017105 65010409
557113234 546218888
244139 245311
384598424 375951924
361969435 359116274
134289194 134585856
448530982 436159083
893510816 887383704
909595862 906860863
788306106 792542052
629454000 629717052
38382366 37859565
895073651 888622141
517978552 505108246
938334998 939955049
319326599 319829349
729692272 733659700
713891991 719177016
432521231 423625300
367488739 365636624
845445766 847782003
168210276 174747727
23088779 21055728
295499391 301244281
150279847 149661942
408221067 396465756
325949197 332587041
712570179 718941119
122049362 126910045
674400896 674793348
777674659 780046128
2599153 1165842
18961990 14225841
295499390 301304950
656312889 656333095
19303042 18186648
994843976 989325688
530397987 525047088
608814748 608213574
597260842 593290791
947850279 951028002
75295050 74610458
416632130 404390431
618413534 621400414
800886014 805220342
431732871 423557173
437903585 428811806
213268810 217403631
647643240 644991031
564059519 553270502
186470984 191981405
341038061 340160706
65506398 68309292
127903440 131455205
506128044 496500305
218684165 226757181
61242633 64688998
216275093 221576020
313778771 316353170
218847994 226829104
845195548 847423409
208597343 211856561
32852253 34006321
397229472 390551592
122024714 126587684
614955394 615449140
853682869 855340595
778410448 780702644
115896646 118832657
42029882 40934968
812264496 813245578
190631853 193117762
814465592 814691196
538038675 529821648
453862008 445040953
950049452 952104250
816640888 817702081
317446968 317993750
240237014 246264418
391509327 384155663
852484805 855340596
185110465 190448547
495135686 488155702
559949722 550532764
503719847 494712151
236970079 244857318
634279805 637423857
399880731 392583043
93636771 98981190
277664351 273401483
453450920 444319751
97424263 103600219
187602909 192905508
138501629 139125938
953348343 956258364
908403588 905934252
37319725 35717920
928721131 927738058
16319273 11116853
399234857 391558563
465136610 457239463
868303820 868837188
281848222 280052099
233765974 242777215
527458801 520428857
904037917 902629951
341771874 340160705
135978834 135583624
317993304 317993749
469826383 463047353
657113274 656755111
323236684 325217599
212615006 215461216
335881119 335514840
136418322 136802949
395271677 388888211
310429427 313210644
839820148 840089082
967453840 966258500
628700350 629180854
163589685 166393303
48967204 46739701
153455437 152216222
643439799 644182056
468313922 460435541
713800753 719177017
686914491 688235894
804533819 809198497
464200319 455773867
515469020 503298459
65621117 68670926
187063606 192170747
783953455 785175982
705397974 714103601
761768855 767102250
759083351 766048009
737312515 745586129
98195989 103600218
362153425 359966969
828605172 832754670
600625086 595169876
319135710 318846106
845195549 847385090
801491390 805974861
841491770 842270834
690995154 694424012
572632775 565892777
13472651 7856205
721135740 727519978
689002125 690533659
271112513 266608816
14647824 9368785
595398334 590132564
210044891 213358074
76237403 77280946
1043581 858501
56285508 58097600
148275340 148527608
417743963 410469288
709760710 718744498
481662259 474528775
89499871 90600419
291258089 297643413
166776843 172646258
85691705 89299759
908433390 905965000
233162937 241231257
155751457 156088419
118457612 122546706
585836694 578872922
150754276 150281533
106110311 112426203
36706883 35369770
925751517 925745489
4075543 3281204
730498425 734843890
938334997 941624997
845445765 848192596
753207449 762283637
34279643 34587464
987967920 986262826
821190120 823629348
89673731 91890560
144534702 144943465
281646213 279749923
366590410 365067586
342249203 340901297
52011396 52069093
75295049 74637579
230309132 238275487
838995116 839401545
758364415 766048010
365382459 364150641
369835505 369396924
665596574 667280472
948315760 951203204
93636770 99257222
720816464 727231131
38195585 36940627
686444972 687733006
735889330 742597423
172758091 177357850
363421879 363537441
316928321 317328406
757021996 764448887
435761035 424723168
361853189 358380735
142137195 141218006
424640111 416560460
855441563 858541922
908403589 904814653
578478641 573401123
785636199 787305646
705747439 714845263
50835046 51164642
50341814 49795599
779161344 782276463
984539059 983789980
793733377 798531547
854358605 855515561
287213885 292653111
91662329 97725676
329383481 332783480
583874199 575873081
170828220 175595877
348380862 344598294
110813495 115662363
272169279 269009888
998413126 997474715
579614586 574160804
889933205 883425746
555680220 546019910
228005377 235144937
904982566 903296390
57085836 58872345
41048848 40182161
295977988 301594749
354150618 348528440
652733787 652714626
907269050 904340247
191874274 193441765
23703435 22889764
99291172 106288325
376748943 373615707
838287118 838014104
211642195 215461217
257252153 259486779
406383588 395863819
125374582 129075536
979275192 980415344
802159208 806100920
386288437 378434266
736534536 745019248
160701771 165459607
227862653 234917629
914935329 911238822
275877223 270949923
698050981 703640498
978995822 977871647
815462392 816208165
452183005 441764716
923352222 922422881
559625718 549854535
156713636 156870920
448777368 436159082
703395983 711924920
957756820 962053070
677511812 677899878
778410449 780457033
274728219 270565117
417283461 405701017
457961588 450246571
451946469 441108316
590235453 585297903
566952257 559672518
282933097 283805186
395957518 389315825
30808646 29605047
84043094 85113814
753794804 762893330
955215975 957857043
742438694 751964586
248787095 254097937
23000764 21028035
518423541 507372511
397916446 390613295
155526744 155749406
794494701 800405241
218116909 226254653
235143830 243741878
217735881 223212314
226386667 234845336
490213997 482402599
228005376 235313673
892003693 884647299
706103067 714845262
376497216 373405234
678845759 677984737
753107142 762124727
212825313 215827299
972256958 972965717
185425260 190571605
722190673 728793748
818403294 820066572
440986255 430685663
127516883 131152813
670351080 669083993
380832020 374986685
540632286 532000793
758253596 765267558
912921297 908579971
775284685 777416435
722103729 728107601
860117720 863572610
72963905 72664826
57899256 59217162
633880006 637099705
722992694 729271549
679851474 680890928
548282126 536990799
523921993 518252947
900262087 897193979
373757243 372189255
543046352 533862801
628251191 627760781
119088063 125125172
413935624 400291581
984461344 983789981
605629498 601975744
450464305 440126067
486135978 478912476
743901671 754113200
771810163 775593108
634809833 638021722
274728218 270682166
195291248 197168015
189643066 193070729
493289076 485217255
56285509 57390132
588639460 581955329
416603562 404390432
603208305 598320087
250140907 255110342
518097464 505108245
715620247 721884376
217675734 222247789
857600543 861688230
25692280 25103067
468419107 461226178
98784778 105213474
305168031 310833732
143472132 143227674
915438455 911698035
280338545 278625450
94828410 101681787
772293308 775593107
528676138 522720722
338095869 335821180
406691774 395924042
789258837 793341468
2868058 1290049
284752047 286674823
661104926 660617192
127235048 130205617
179514504 183212194
431847304 423625301
72406442 72372053
386562543 379663975
700428419 705963116
74713930 73876463
316934015 317616635
263286145 261737892
486865276 480270626
197286228 199939146
79017495 81537261
453275731 442383263
150520834 149661941
801411006 805449982
525706116 519028747
389609689 381883561
962643766 965758889
565376995 556262399
106847710 112927695
592422422 587582561
914391888 910379432
409112276 397705634
692043153 694863839
122648998 127498604
703563492 712224256
775576098 777884146
705397973 714185056
39336299 38793398
32852254 34004435
958131523 962197233
867936511 868123508
574422271 570441746
281570089 279516761
915966536 912240112
816692184 818150034
233931082 242777214
418221430 411728269
29595748 28698857
570333674 564706046
93838100 99257221
769102814 775321565
839432757 839983849
694319848 698085817
156428375 156719166
857017874 860308885
733279026 739097578
14026907 8548799
524977470 518554852
248313931 253707798
159520747 163417948
55897472 57272955
25193566 24789459
468179461 460435542
767048317 772713363
789234986 793121014
632544155 633986074
60548585 63008025
40146399 40182162
866457429 865404997
320450797 322514423
874594271 872049033
815821713 816743341
521612124 509882793
320632937 323472376
238520808 246264419
704224508 713809278
415704313 401193381
955218950 960288448
890627861 884075933
727975460 732240657
907406794 904530255
157020976 157718324
182114580 186394101
213268811 216919936
367819512 366260688
920721813 918891804
679287827 678643024
300460445 306879313
726249241 731522084
857734122 861736955
473998606 469578879
628050725 627753188
203704538 207997896
934953042 931781626
130499231 133360183
942089726 946143604
751125255 760247557
547129917 536930388
765837441 770620412
130850828 133396563
376497217 372881030
32732076 33586286
689339275 691737637
812736980 813343395
445346835 432214184
373816124 372392170
198874778 203651646
919638892 916597967
760855139 766344163
776732544 778286850
158379672 161197050
182653720 187193176
279114230 275449121
996270110 992523869
47795026 46692198
418468944 412350886
928721130 928116803
584982812 577450245
23088778 21095964
746902846 755790065
643935597 644475178
431847305 423557172
100924171 108863972
766261954 771564189
623291745 625139545
643439800 643711080
838666988 838159156
371404160 369871790
362577047 362029719
179926059 183846115
142735443 142405177
167846286 174207640
228697279 235363257
820183196 822443018
999014422 997944110
608475549 606684043
107837394 113880652
882009613 878903084
647643241 644944654
19266357 17688446
571002915 564916712
182790543 187207339
252935654 257421039
746039329 755359071
349059233 346781630
915160789 911447884
6878897 5381454
996087053 992383274
296918562 302651636
790106327 793815770
420849755 414520719
213955861 217660157
100934987 108863971
384598423 376145183
946704177 950423098
154067476 152595479
672560872 671522196
631416678 633419605
140985900 139901722
368760362 368384562
521909183 514447900
829555009 832804092
590714874 585546560
152775696 152216223
101976450 110894642
541156207 532198373
632053109 633768190
342249204 340536926
173895551 177530998
200762453 205981503
219309235 227209561
50501441 49795598
270870876 265596365
247007602 253364898
877502262 876114745
46907491 44535138
595886716 591040296
65010442 68309293
272053997 267682885
561638497 552029505
892851694 887383705
217735880 223231975
167440087 173036294
370588853 369862298
661346972 660617191
794123731 799521309
234408320 242914304
281893807 280215660
790343027 795968783
962121393 963723274
78160591 79456823
652122362 650017955
579500370 574160805
747406426 755952697
83284914 83400677
791338255 795968782
608491558 607561683
182790544 187193175
340683890 338350124
798493031 804384970
72963904 72734301
892350653 886405069
5021110 3989053
453392927 443386348
740952177 749620682
575714010 572457954
223542412 232676134
167189497 172646257
424126065 415984733
549701361 539640827
825140074 826033816
521909184 512584708
124020809 127818628
469734404 462953459
299775420 304267100
244440066 249539587
737836586 745649832
794190270 799835463
413694648 400216547
684399640 685838742
235670237 244300852
282173960 282839007
421452794 414870372
108442771 114203982
340953719 338734082
125719235 129863655
495452933 488982588
168298398 174747726
323455902 326837670
907596962 904603762
287004591 290205856
298532834 304267101
363421880 363368651
380761982 374471192
465070739 456358086
495024058 486887880
129462857 132540530
984461345 983422708
618413535 621345619
763457035 767784478
84512263 86055177
741305030 750304914
200249284 204709118
567675940 562151868
810191943 811174487
807572456 810720410
587203155 579945219
902670706 898739434
373065974 370369688
236813822 244857319
823116014 824446187
230818867 239687510
216275094 221429412
393601186 385378791
280013355 277845249
704224509 713289653
559648170 550519041
3258315 3219094
932878918 931052848
106088193 112259950
184935152 188796749
180743513 183925952
805459671 809198496
892359906 886405068
641169498 641075949
686328546 686900900
543409376 535652139
696819445 702948729
520300842 508620223
329942682 333060070
602353078 596900013
431732872 423547805
174620955 177614483
518097463 505525366
311064076 316069130
573235144 567389285
406691773 396213485
970734063 968961146
857061382 861652074
519509098 508407423
470380974 464211534
288240141 293724049
559851540 550519040
130830176 133360182
788794822 792542051
212615005 215652859
692401723 695228424
893759223 887707754
828554049 832754671
815232018 815562680
557472802 546676639
474637659 469931009
27716350 27387416
962511822 965139719
500466227 492806275
420913629 414870373
193216577 195070537
101853380 109798018
710827054 718940075
731860279 737428409
780356810 784869292
277683315 273401482
692262693 695228425
1020699 777827
497193041 491875096
373065973 371052498
917982400 914533786
453450921 443630327
817634355 820013808
962239804 964129192
517978553 504700991
368933518 368384561
698596237 705160150
810988570 811941426
44720243 44310093
244718309 250123489
258954165 260308682
11313101 7274977
386562544 378909381
720529844 727231132
164183344 167807673
563757778 552630684
575714011 572105302
240961366 246640482
474896019 469931008
246858168 252927527
936952834 934767087
667714671 668398138
218116908 226521946
332254887 334373799
898708609 895677099
339917310 337147532
719727334 724597636
23000763 21055729
13472650 7993024
98195988 104603424
108442772 113966858
